1264294   839472   543251   225057   48755   18295   4114   424822 1564615   300321   725143
239049    159384   86923    57495    8766    5393    807     79665 281005    41956    121621
 16068    10875     9888      615     247      91     34      5193   27231   11163    16356
 35643    24442    19715     2848     181    1524    174     11201   49422   11163    16356
 15438    10910    10090      622     122      47     29      4528   24329    8891    13419
 23206    15907    14900      684     190      82     51      7299   33599   10393    17692
 22886    15290    12717     1147    1297      73     56      7596   30500    7614    15210
 69453    45089    26196    12342    6054     239    258     24364   82978   13525    37889
 22074    15221    12476     1180    1458      65     42      6853   27766    5692    12545
 33526    22300    19374      876    1774     247     29     11226   46451   12925    24151
 54322    38099    34742     1697     920     666     74     16223   71159   12925    24151
265247    179191   93409    68774    9166    6685    1157    86056 336031    70784    156840
 33060    23238    21185     1384     478     131     60      9822   43980   10920    20742
190234    125526   74640    42385    6900     956    645     64708 216330    26096    90804
 31312    19654    17955      677     321     662     39     11658   40461   10920    20742
 31875    21002    17742     2574     495     124     67     10873   39502   13779    22364
 59180    38617    28325     7550    2271     304    167     20563   71534   16837    29148
 76794    47826    26835    14869    5272     588    262     28968   94558   17764    46732
 44927    26901    16139     7338    2843     418    163     18026   47779   13525    37889